Mala 12 13 13 13 14 13 15 13 0
uzi 11 12 12 11 0
gazela 11 12 12 12 13 12 0
labirynt 4 1 1 2 3 2 1 3 3 3 1 4 1 5 2 5 3 5 4 5 5 5 1 6 0
lab 40 40 4 1 1 2 3 2 4 2 6 2 1 3 3 3 4 3 6 3 1 4 6 4 1 5 2 5 3 5 4 5 5 5 6 5 7 5 1 6 0
rama 17 18 0
ruku 13 17 1 1 0
maap 16 18 0
trtr 40 40 1 1 1 3 0
yamal 30 20 1 1 7 3 11 5 15 6 17 6 5 8 8 8 9 8 11 8 13 8 15 8 17 8 0
gigant 77 44 6 3 9 3 11 8 16 9 20 9 23 9 28 9 31 9 33 9 37 9 11 11 15 11 8 31 0
mapa 22 30 10 1 18 1 22 1 2 2 3 2 4 2 6 2 7 2 8 2 10 2 12 2 13 2 14 2 15 2 16 2 18 2 20 2 22 2 2 3 6 3 8 3 10 3 12 3 18 3 20 3 22 3 2 4 4 4 6 4 8 4 10 4 12 4 14 4 15 4 16 4 17 4 18 4 19 4 20 4 22 4 4 5 6 5 10 5 12 5 18 5 20 5 22 5 2 6 3 6 4 6 6 6 8 6 9 6 10 6 12 6 13 6 14 6 15 6 16 6 17 6 18 6 20 6 22 6 2 7 6 7 8 7 18 7 19 7 20 7 22 7 1 8 2 8 4 8 5 8 6 8 8 8 10 8 11 8 12 8 13 8 14 8 15 8 16 8 18 8 22 8 4 9 6 9 8 9 10 9 16 9 18 9 20 9 21 9 22 9 2 10 3 10 4 10 6 10 8 10 10 10 12 10 13 10 14 10 16 10 18 10 20 10 21 10 22 10 2 11 6 11 8 11 10 11 12 11 16 11 18 11 22 11 2 12 4 12 6 12 8 12 10 12 12 12 14 12 15 12 16 12 18 12 19 12 20 12 22 12 2 13 4 13 6 13 8 13 10 13 12 13 14 13 16 13 18 13 20 13 22 13 2 14 4 14 6 14 8 14 10 14 12 14 14 14 16 14 18 14 20 14 21 14 22 14 2 15 4 15 6 15 8 15 10 15 12 15 14 15 16 15 18 15 22 15 2 16 4 16 5 16 6 16 8 16 10 16 12 16 14 16 16 16 18 16 19 16 20 16 22 16 2 17 8 17 10 17 12 17 16 17 20 17 22 17 2 18 4 18 6 18 7 18 8 18 10 18 12 18 14 18 15 18 16 18 18 18 20 18 22 18 2 19 4 19 6 19 8 19 10 19 12 19 14 19 18 19 20 19 22 19 2 20 4 20 6 20 8 20 10 20 12 20 13 20 14 20 16 20 17 20 18 20 20 20 22 20 2 21 4 21 6 21 10 21 14 21 16 21 18 21 20 21 22 21 2 22 4 22 6 22 8 22 9 22 10 22 11 22 12 22 14 22 16 22 18 22 20 22 22 22 2 23 4 23 6 23 14 23 16 23 20 23 22 23 2 24 4 24 6 24 7 24 8 24 9 24 10 24 11 24 12 24 13 24 14 24 16 24 17 24 18 24 20 24 22 24 2 25 4 25 6 25 18 25 20 25 22 25 2 26 4 26 6 26 8 26 9 26 10 26 11 26 12 26 13 26 14 26 15 26 16 26 18 26 20 26 22 26 2 27 8 27 18 27 22 27 2 28 3 28 4 28 5 28 6 28 7 28 8 28 9 28 10 28 11 28 12 28 13 28 14 28 15 28 16 28 17 28 18 28 19 28 20 28 21 28 22 28 8 29 9 29 10 29 11 29 12 29 13 29 14 29 22 29 1 30 2 30 3 30 4 30 5 30 6 30 16 30 17 30 18 30 19 30 20 30 22 30 0
qqq 7 7 1 1 2 1 3 1 4 1 5 1 5 2 1 3 5 3 1 4 5 4 1 5 2 5 3 5 4 5 5 5 0
www 7 7 0
xxx 7 7 1 1 2 1 3 1 4 1 5 1 0
mapadwa 18 14 3 2 11 2 12 2 6 5 7 5 8 5 9 5 10 5 11 5 12 8 3 9 3 10 3 11 4 11 5 11 6 11 0
